AH_000_00a_005_01.wav	2	0	0	5	1
AH_000_00a_005_02.wav	2	0	0	5	2
AH_000_00a_005_03.wav	2	0	0	5	3
AH_000_00a_005_04.wav	2	0	0	5	4
AH_000_00a_005_05.wav	2	0	0	5	5
AH_000_00a_005_06.wav	2	0	0	5	6
AH_000_00a_005_07.wav	2	0	0	5	7
AH_000_00a_005_08.wav	2	0	0	5	8
AH_000_00a_005_09.wav	2	0	0	5	9
AH_000_00a_005_10.wav	2	0	0	5	10
AH_000_00a_050_01.wav	2	0	0	50	1
AH_000_00a_050_02.wav	2	0	0	50	2
AH_000_00a_050_03.wav	2	0	0	50	3
AH_000_00a_050_04.wav	2	0	0	50	4
AH_000_00a_050_05.wav	2	0	0	50	5
AH_000_00a_050_06.wav	2	0	0	50	6
AH_000_00a_050_07.wav	2	0	0	50	7
AH_000_00a_050_08.wav	2	0	0	50	8
AH_000_00a_050_09.wav	2	0	0	50	9
AH_000_00a_050_10.wav	2	0	0	50	10
AH_000_00a_500_01.wav	2	0	0	500	1
AH_000_00a_500_02.wav	2	0	0	500	2
AH_000_00a_500_03.wav	2	0	0	500	3
AH_000_00a_500_04.wav	2	0	0	500	4
AH_000_00a_500_05.wav	2	0	0	500	5
AH_000_00a_500_06.wav	2	0	0	500	6
AH_000_00a_500_07.wav	2	0	0	500	7
AH_000_00a_500_08.wav	2	0	0	500	8
AH_000_00a_500_09.wav	2	0	0	500	9
AH_000_00a_500_10.wav	2	0	0	500	10
AH_000_00b_005_01.wav	2	0	0	5	1
AH_000_00b_005_02.wav	2	0	0	5	2
AH_000_00b_005_03.wav	2	0	0	5	3
AH_000_00b_005_04.wav	2	0	0	5	4
AH_000_00b_005_05.wav	2	0	0	5	5
AH_000_00b_005_06.wav	2	0	0	5	6
AH_000_00b_005_07.wav	2	0	0	5	7
AH_000_00b_005_08.wav	2	0	0	5	8
AH_000_00b_005_09.wav	2	0	0	5	9
AH_000_00b_005_10.wav	2	0	0	5	10
AH_000_00b_050_01.wav	2	0	0	50	1
AH_000_00b_050_02.wav	2	0	0	50	2
AH_000_00b_050_03.wav	2	0	0	50	3
AH_000_00b_050_04.wav	2	0	0	50	4
AH_000_00b_050_05.wav	2	0	0	50	5
AH_000_00b_050_06.wav	2	0	0	50	6
AH_000_00b_050_07.wav	2	0	0	50	7
AH_000_00b_050_08.wav	2	0	0	50	8
AH_000_00b_050_09.wav	2	0	0	50	9
AH_000_00b_050_10.wav	2	0	0	50	10
AH_000_00b_500_01.wav	2	0	0	500	1
AH_000_00b_500_02.wav	2	0	0	500	2
AH_000_00b_500_03.wav	2	0	0	500	3
AH_000_00b_500_04.wav	2	0	0	500	4
AH_000_00b_500_05.wav	2	0	0	500	5
AH_000_00b_500_06.wav	2	0	0	500	6
AH_000_00b_500_07.wav	2	0	0	500	7
AH_000_00b_500_08.wav	2	0	0	500	8
AH_000_00b_500_09.wav	2	0	0	500	9
AH_000_00b_500_10.wav	2	0	0	500	10
AH_A25_050_005_01.wav	2	25	50	5	1
AH_A25_050_005_02.wav	2	25	50	5	2
AH_A25_050_005_03.wav	2	25	50	5	3
AH_A25_050_005_04.wav	2	25	50	5	4
AH_A25_050_005_05.wav	2	25	50	5	5
AH_A25_050_005_06.wav	2	25	50	5	6
AH_A25_050_005_07.wav	2	25	50	5	7
AH_A25_050_005_08.wav	2	25	50	5	8
AH_A25_050_005_09.wav	2	25	50	5	9
AH_A25_050_005_10.wav	2	25	50	5	10
AH_A25_050_050_01.wav	2	25	50	50	1
AH_A25_050_050_02.wav	2	25	50	50	2
AH_A25_050_050_03.wav	2	25	50	50	3
AH_A25_050_050_04.wav	2	25	50	50	4
AH_A25_050_050_05.wav	2	25	50	50	5
AH_A25_050_050_06.wav	2	25	50	50	6
AH_A25_050_050_07.wav	2	25	50	50	7
AH_A25_050_050_08.wav	2	25	50	50	8
AH_A25_050_050_09.wav	2	25	50	50	9
AH_A25_050_050_10.wav	2	25	50	50	10
AH_A25_050_500_01.wav	2	25	50	500	1
AH_A25_050_500_02.wav	2	25	50	500	2
AH_A25_050_500_03.wav	2	25	50	500	3
AH_A25_050_500_04.wav	2	25	50	500	4
AH_A25_050_500_05.wav	2	25	50	500	5
AH_A25_050_500_06.wav	2	25	50	500	6
AH_A25_050_500_07.wav	2	25	50	500	7
AH_A25_050_500_08.wav	2	25	50	500	8
AH_A25_050_500_09.wav	2	25	50	500	9
AH_A25_050_500_10.wav	2	25	50	500	10
AH_A25_100_005_01.wav	2	25	100	5	1
AH_A25_100_005_02.wav	2	25	100	5	2
AH_A25_100_005_03.wav	2	25	100	5	3
AH_A25_100_005_04.wav	2	25	100	5	4
AH_A25_100_005_05.wav	2	25	100	5	5
AH_A25_100_005_06.wav	2	25	100	5	6
AH_A25_100_005_07.wav	2	25	100	5	7
AH_A25_100_005_08.wav	2	25	100	5	8
AH_A25_100_005_09.wav	2	25	100	5	9
AH_A25_100_005_10.wav	2	25	100	5	10
AH_A25_100_050_01.wav	2	25	100	50	1
AH_A25_100_050_02.wav	2	25	100	50	2
AH_A25_100_050_03.wav	2	25	100	50	3
AH_A25_100_050_04.wav	2	25	100	50	4
AH_A25_100_050_05.wav	2	25	100	50	5
AH_A25_100_050_06.wav	2	25	100	50	6
AH_A25_100_050_07.wav	2	25	100	50	7
AH_A25_100_050_08.wav	2	25	100	50	8
AH_A25_100_050_09.wav	2	25	100	50	9
AH_A25_100_050_10.wav	2	25	100	50	10
AH_A25_100_500_01.wav	2	25	100	500	1
AH_A25_100_500_02.wav	2	25	100	500	2
AH_A25_100_500_03.wav	2	25	100	500	3
AH_A25_100_500_04.wav	2	25	100	500	4
AH_A25_100_500_05.wav	2	25	100	500	5
AH_A25_100_500_06.wav	2	25	100	500	6
AH_A25_100_500_07.wav	2	25	100	500	7
AH_A25_100_500_08.wav	2	25	100	500	8
AH_A25_100_500_09.wav	2	25	100	500	9
AH_A25_100_500_10.wav	2	25	100	500	10
AH_A25_200_005_01.wav	2	25	200	5	1
AH_A25_200_005_02.wav	2	25	200	5	2
AH_A25_200_005_03.wav	2	25	200	5	3
AH_A25_200_005_04.wav	2	25	200	5	4
AH_A25_200_005_05.wav	2	25	200	5	5
AH_A25_200_005_06.wav	2	25	200	5	6
AH_A25_200_005_07.wav	2	25	200	5	7
AH_A25_200_005_08.wav	2	25	200	5	8
AH_A25_200_005_09.wav	2	25	200	5	9
AH_A25_200_005_10.wav	2	25	200	5	10
AH_A25_200_050_01.wav	2	25	200	50	1
AH_A25_200_050_02.wav	2	25	200	50	2
AH_A25_200_050_03.wav	2	25	200	50	3
AH_A25_200_050_04.wav	2	25	200	50	4
AH_A25_200_050_05.wav	2	25	200	50	5
AH_A25_200_050_06.wav	2	25	200	50	6
AH_A25_200_050_07.wav	2	25	200	50	7
AH_A25_200_050_08.wav	2	25	200	50	8
AH_A25_200_050_09.wav	2	25	200	50	9
AH_A25_200_050_10.wav	2	25	200	50	10
AH_A25_200_500_01.wav	2	25	200	500	1
AH_A25_200_500_02.wav	2	25	200	500	2
AH_A25_200_500_03.wav	2	25	200	500	3
AH_A25_200_500_04.wav	2	25	200	500	4
AH_A25_200_500_05.wav	2	25	200	500	5
AH_A25_200_500_06.wav	2	25	200	500	6
AH_A25_200_500_07.wav	2	25	200	500	7
AH_A25_200_500_08.wav	2	25	200	500	8
AH_A25_200_500_09.wav	2	25	200	500	9
AH_A25_200_500_10.wav	2	25	200	500	10
AH_A25_300_005_01.wav	2	25	300	5	1
AH_A25_300_005_02.wav	2	25	300	5	2
AH_A25_300_005_03.wav	2	25	300	5	3
AH_A25_300_005_04.wav	2	25	300	5	4
AH_A25_300_005_05.wav	2	25	300	5	5
AH_A25_300_005_06.wav	2	25	300	5	6
AH_A25_300_005_07.wav	2	25	300	5	7
AH_A25_300_005_08.wav	2	25	300	5	8
AH_A25_300_005_09.wav	2	25	300	5	9
AH_A25_300_005_10.wav	2	25	300	5	10
AH_A25_300_050_01.wav	2	25	300	50	1
AH_A25_300_050_02.wav	2	25	300	50	2
AH_A25_300_050_03.wav	2	25	300	50	3
AH_A25_300_050_04.wav	2	25	300	50	4
AH_A25_300_050_05.wav	2	25	300	50	5
AH_A25_300_050_06.wav	2	25	300	50	6
AH_A25_300_050_07.wav	2	25	300	50	7
AH_A25_300_050_08.wav	2	25	300	50	8
AH_A25_300_050_09.wav	2	25	300	50	9
AH_A25_300_050_10.wav	2	25	300	50	10
AH_A25_300_500_01.wav	2	25	300	500	1
AH_A25_300_500_02.wav	2	25	300	500	2
AH_A25_300_500_03.wav	2	25	300	500	3
AH_A25_300_500_04.wav	2	25	300	500	4
AH_A25_300_500_05.wav	2	25	300	500	5
AH_A25_300_500_06.wav	2	25	300	500	6
AH_A25_300_500_07.wav	2	25	300	500	7
AH_A25_300_500_08.wav	2	25	300	500	8
AH_A25_300_500_09.wav	2	25	300	500	9
AH_A25_300_500_10.wav	2	25	300	500	10
AH_A25_400_005_01.wav	2	25	400	5	1
AH_A25_400_005_02.wav	2	25	400	5	2
AH_A25_400_005_03.wav	2	25	400	5	3
AH_A25_400_005_04.wav	2	25	400	5	4
AH_A25_400_005_05.wav	2	25	400	5	5
AH_A25_400_005_06.wav	2	25	400	5	6
AH_A25_400_005_07.wav	2	25	400	5	7
AH_A25_400_005_08.wav	2	25	400	5	8
AH_A25_400_005_09.wav	2	25	400	5	9
AH_A25_400_005_10.wav	2	25	400	5	10
AH_A25_400_050_01.wav	2	25	400	50	1
AH_A25_400_050_02.wav	2	25	400	50	2
AH_A25_400_050_03.wav	2	25	400	50	3
AH_A25_400_050_04.wav	2	25	400	50	4
AH_A25_400_050_05.wav	2	25	400	50	5
AH_A25_400_050_06.wav	2	25	400	50	6
AH_A25_400_050_07.wav	2	25	400	50	7
AH_A25_400_050_08.wav	2	25	400	50	8
AH_A25_400_050_09.wav	2	25	400	50	9
AH_A25_400_050_10.wav	2	25	400	50	10
AH_A25_400_500_01.wav	2	25	400	500	1
AH_A25_400_500_02.wav	2	25	400	500	2
AH_A25_400_500_03.wav	2	25	400	500	3
AH_A25_400_500_04.wav	2	25	400	500	4
AH_A25_400_500_05.wav	2	25	400	500	5
AH_A25_400_500_06.wav	2	25	400	500	6
AH_A25_400_500_07.wav	2	25	400	500	7
AH_A25_400_500_08.wav	2	25	400	500	8
AH_A25_400_500_09.wav	2	25	400	500	9
AH_A25_400_500_10.wav	2	25	400	500	10
AH_A25_500_005_01.wav	2	25	500	5	1
AH_A25_500_005_02.wav	2	25	500	5	2
AH_A25_500_005_03.wav	2	25	500	5	3
AH_A25_500_005_04.wav	2	25	500	5	4
AH_A25_500_005_05.wav	2	25	500	5	5
AH_A25_500_005_06.wav	2	25	500	5	6
AH_A25_500_005_07.wav	2	25	500	5	7
AH_A25_500_005_08.wav	2	25	500	5	8
AH_A25_500_005_09.wav	2	25	500	5	9
AH_A25_500_005_10.wav	2	25	500	5	10
AH_A25_500_050_01.wav	2	25	500	50	1
AH_A25_500_050_02.wav	2	25	500	50	2
AH_A25_500_050_03.wav	2	25	500	50	3
AH_A25_500_050_04.wav	2	25	500	50	4
AH_A25_500_050_05.wav	2	25	500	50	5
AH_A25_500_050_06.wav	2	25	500	50	6
AH_A25_500_050_07.wav	2	25	500	50	7
AH_A25_500_050_08.wav	2	25	500	50	8
AH_A25_500_050_09.wav	2	25	500	50	9
AH_A25_500_050_10.wav	2	25	500	50	10
AH_A25_500_500_01.wav	2	25	500	500	1
AH_A25_500_500_02.wav	2	25	500	500	2
AH_A25_500_500_03.wav	2	25	500	500	3
AH_A25_500_500_04.wav	2	25	500	500	4
AH_A25_500_500_05.wav	2	25	500	500	5
AH_A25_500_500_06.wav	2	25	500	500	6
AH_A25_500_500_07.wav	2	25	500	500	7
AH_A25_500_500_08.wav	2	25	500	500	8
AH_A25_500_500_09.wav	2	25	500	500	9
AH_A25_500_500_10.wav	2	25	500	500	10
AH_A50_050_005_01.wav	2	50	50	5	1
AH_A50_050_005_02.wav	2	50	50	5	2
AH_A50_050_005_03.wav	2	50	50	5	3
AH_A50_050_005_04.wav	2	50	50	5	4
AH_A50_050_005_05.wav	2	50	50	5	5
AH_A50_050_005_06.wav	2	50	50	5	6
AH_A50_050_005_07.wav	2	50	50	5	7
AH_A50_050_005_08.wav	2	50	50	5	8
AH_A50_050_005_09.wav	2	50	50	5	9
AH_A50_050_005_10.wav	2	50	50	5	10
AH_A50_050_050_01.wav	2	50	50	50	1
AH_A50_050_050_02.wav	2	50	50	50	2
AH_A50_050_050_03.wav	2	50	50	50	3
AH_A50_050_050_04.wav	2	50	50	50	4
AH_A50_050_050_05.wav	2	50	50	50	5
AH_A50_050_050_06.wav	2	50	50	50	6
AH_A50_050_050_07.wav	2	50	50	50	7
AH_A50_050_050_08.wav	2	50	50	50	8
AH_A50_050_050_09.wav	2	50	50	50	9
AH_A50_050_050_10.wav	2	50	50	50	10
AH_A50_050_500_01.wav	2	50	50	500	1
AH_A50_050_500_02.wav	2	50	50	500	2
AH_A50_050_500_03.wav	2	50	50	500	3
AH_A50_050_500_04.wav	2	50	50	500	4
AH_A50_050_500_05.wav	2	50	50	500	5
AH_A50_050_500_06.wav	2	50	50	500	6
AH_A50_050_500_07.wav	2	50	50	500	7
AH_A50_050_500_08.wav	2	50	50	500	8
AH_A50_050_500_09.wav	2	50	50	500	9
AH_A50_050_500_10.wav	2	50	50	500	10
AH_A50_100_005_01.wav	2	50	100	5	1
AH_A50_100_005_02.wav	2	50	100	5	2
AH_A50_100_005_03.wav	2	50	100	5	3
AH_A50_100_005_04.wav	2	50	100	5	4
AH_A50_100_005_05.wav	2	50	100	5	5
AH_A50_100_005_06.wav	2	50	100	5	6
AH_A50_100_005_07.wav	2	50	100	5	7
AH_A50_100_005_08.wav	2	50	100	5	8
AH_A50_100_005_09.wav	2	50	100	5	9
AH_A50_100_005_10.wav	2	50	100	5	10
AH_A50_100_050_01.wav	2	50	100	50	1
AH_A50_100_050_02.wav	2	50	100	50	2
AH_A50_100_050_03.wav	2	50	100	50	3
AH_A50_100_050_04.wav	2	50	100	50	4
AH_A50_100_050_05.wav	2	50	100	50	5
AH_A50_100_050_06.wav	2	50	100	50	6
AH_A50_100_050_07.wav	2	50	100	50	7
AH_A50_100_050_08.wav	2	50	100	50	8
AH_A50_100_050_09.wav	2	50	100	50	9
AH_A50_100_050_10.wav	2	50	100	50	10
AH_A50_100_500_01.wav	2	50	100	500	1
AH_A50_100_500_02.wav	2	50	100	500	2
AH_A50_100_500_03.wav	2	50	100	500	3
AH_A50_100_500_04.wav	2	50	100	500	4
AH_A50_100_500_05.wav	2	50	100	500	5
AH_A50_100_500_06.wav	2	50	100	500	6
AH_A50_100_500_07.wav	2	50	100	500	7
AH_A50_100_500_08.wav	2	50	100	500	8
AH_A50_100_500_09.wav	2	50	100	500	9
AH_A50_100_500_10.wav	2	50	100	500	10
AH_A50_200_005_01.wav	2	50	200	5	1
AH_A50_200_005_02.wav	2	50	200	5	2
AH_A50_200_005_03.wav	2	50	200	5	3
AH_A50_200_005_04.wav	2	50	200	5	4
AH_A50_200_005_05.wav	2	50	200	5	5
AH_A50_200_005_06.wav	2	50	200	5	6
AH_A50_200_005_07.wav	2	50	200	5	7
AH_A50_200_005_08.wav	2	50	200	5	8
AH_A50_200_005_09.wav	2	50	200	5	9
AH_A50_200_005_10.wav	2	50	200	5	10
AH_A50_200_050_01.wav	2	50	200	50	1
AH_A50_200_050_02.wav	2	50	200	50	2
AH_A50_200_050_03.wav	2	50	200	50	3
AH_A50_200_050_04.wav	2	50	200	50	4
AH_A50_200_050_05.wav	2	50	200	50	5
AH_A50_200_050_06.wav	2	50	200	50	6
AH_A50_200_050_07.wav	2	50	200	50	7
AH_A50_200_050_08.wav	2	50	200	50	8
AH_A50_200_050_09.wav	2	50	200	50	9
AH_A50_200_050_10.wav	2	50	200	50	10
AH_A50_200_500_01.wav	2	50	200	500	1
AH_A50_200_500_02.wav	2	50	200	500	2
AH_A50_200_500_03.wav	2	50	200	500	3
AH_A50_200_500_04.wav	2	50	200	500	4
AH_A50_200_500_05.wav	2	50	200	500	5
AH_A50_200_500_06.wav	2	50	200	500	6
AH_A50_200_500_07.wav	2	50	200	500	7
AH_A50_200_500_08.wav	2	50	200	500	8
AH_A50_200_500_09.wav	2	50	200	500	9
AH_A50_200_500_10.wav	2	50	200	500	10
AH_A50_300_005_01.wav	2	50	300	5	1
AH_A50_300_005_02.wav	2	50	300	5	2
AH_A50_300_005_03.wav	2	50	300	5	3
AH_A50_300_005_04.wav	2	50	300	5	4
AH_A50_300_005_05.wav	2	50	300	5	5
AH_A50_300_005_06.wav	2	50	300	5	6
AH_A50_300_005_07.wav	2	50	300	5	7
AH_A50_300_005_08.wav	2	50	300	5	8
AH_A50_300_005_09.wav	2	50	300	5	9
AH_A50_300_005_10.wav	2	50	300	5	10
AH_A50_300_050_01.wav	2	50	300	50	1
AH_A50_300_050_02.wav	2	50	300	50	2
AH_A50_300_050_03.wav	2	50	300	50	3
AH_A50_300_050_04.wav	2	50	300	50	4
AH_A50_300_050_05.wav	2	50	300	50	5
AH_A50_300_050_06.wav	2	50	300	50	6
AH_A50_300_050_07.wav	2	50	300	50	7
AH_A50_300_050_08.wav	2	50	300	50	8
AH_A50_300_050_09.wav	2	50	300	50	9
AH_A50_300_050_10.wav	2	50	300	50	10
AH_A50_300_500_01.wav	2	50	300	500	1
AH_A50_300_500_02.wav	2	50	300	500	2
AH_A50_300_500_03.wav	2	50	300	500	3
AH_A50_300_500_04.wav	2	50	300	500	4
AH_A50_300_500_05.wav	2	50	300	500	5
AH_A50_300_500_06.wav	2	50	300	500	6
AH_A50_300_500_07.wav	2	50	300	500	7
AH_A50_300_500_08.wav	2	50	300	500	8
AH_A50_300_500_09.wav	2	50	300	500	9
AH_A50_300_500_10.wav	2	50	300	500	10
AH_A50_400_005_01.wav	2	50	400	5	1
AH_A50_400_005_02.wav	2	50	400	5	2
AH_A50_400_005_03.wav	2	50	400	5	3
AH_A50_400_005_04.wav	2	50	400	5	4
AH_A50_400_005_05.wav	2	50	400	5	5
AH_A50_400_005_06.wav	2	50	400	5	6
AH_A50_400_005_07.wav	2	50	400	5	7
AH_A50_400_005_08.wav	2	50	400	5	8
AH_A50_400_005_09.wav	2	50	400	5	9
AH_A50_400_005_10.wav	2	50	400	5	10
AH_A50_400_050_01.wav	2	50	400	50	1
AH_A50_400_050_02.wav	2	50	400	50	2
AH_A50_400_050_03.wav	2	50	400	50	3
AH_A50_400_050_04.wav	2	50	400	50	4
AH_A50_400_050_05.wav	2	50	400	50	5
AH_A50_400_050_06.wav	2	50	400	50	6
AH_A50_400_050_07.wav	2	50	400	50	7
AH_A50_400_050_08.wav	2	50	400	50	8
AH_A50_400_050_09.wav	2	50	400	50	9
AH_A50_400_050_10.wav	2	50	400	50	10
AH_A50_400_500_01.wav	2	50	400	500	1
AH_A50_400_500_02.wav	2	50	400	500	2
AH_A50_400_500_03.wav	2	50	400	500	3
AH_A50_400_500_04.wav	2	50	400	500	4
AH_A50_400_500_05.wav	2	50	400	500	5
AH_A50_400_500_06.wav	2	50	400	500	6
AH_A50_400_500_07.wav	2	50	400	500	7
AH_A50_400_500_08.wav	2	50	400	500	8
AH_A50_400_500_09.wav	2	50	400	500	9
AH_A50_400_500_10.wav	2	50	400	500	10
AH_A50_500_005_01.wav	2	50	500	5	1
AH_A50_500_005_02.wav	2	50	500	5	2
AH_A50_500_005_03.wav	2	50	500	5	3
AH_A50_500_005_04.wav	2	50	500	5	4
AH_A50_500_005_05.wav	2	50	500	5	5
AH_A50_500_005_06.wav	2	50	500	5	6
AH_A50_500_005_07.wav	2	50	500	5	7
AH_A50_500_005_08.wav	2	50	500	5	8
AH_A50_500_005_09.wav	2	50	500	5	9
AH_A50_500_005_10.wav	2	50	500	5	10
AH_A50_500_050_01.wav	2	50	500	50	1
AH_A50_500_050_02.wav	2	50	500	50	2
AH_A50_500_050_03.wav	2	50	500	50	3
AH_A50_500_050_04.wav	2	50	500	50	4
AH_A50_500_050_05.wav	2	50	500	50	5
AH_A50_500_050_06.wav	2	50	500	50	6
AH_A50_500_050_07.wav	2	50	500	50	7
AH_A50_500_050_08.wav	2	50	500	50	8
AH_A50_500_050_09.wav	2	50	500	50	9
AH_A50_500_050_10.wav	2	50	500	50	10
AH_A50_500_500_01.wav	2	50	500	500	1
AH_A50_500_500_02.wav	2	50	500	500	2
AH_A50_500_500_03.wav	2	50	500	500	3
AH_A50_500_500_04.wav	2	50	500	500	4
AH_A50_500_500_05.wav	2	50	500	500	5
AH_A50_500_500_06.wav	2	50	500	500	6
AH_A50_500_500_07.wav	2	50	500	500	7
AH_A50_500_500_08.wav	2	50	500	500	8
AH_A50_500_500_09.wav	2	50	500	500	9
AH_A50_500_500_10.wav	2	50	500	500	10
FH_000_00a_005_01.wav	1	0	0	5	1
FH_000_00a_005_02.wav	1	0	0	5	2
FH_000_00a_005_03.wav	1	0	0	5	3
FH_000_00a_005_04.wav	1	0	0	5	4
FH_000_00a_005_05.wav	1	0	0	5	5
FH_000_00a_005_06.wav	1	0	0	5	6
FH_000_00a_005_07.wav	1	0	0	5	7
FH_000_00a_005_08.wav	1	0	0	5	8
FH_000_00a_005_09.wav	1	0	0	5	9
FH_000_00a_005_10.wav	1	0	0	5	10
FH_000_00a_050_01.wav	1	0	0	50	1
FH_000_00a_050_02.wav	1	0	0	50	2
FH_000_00a_050_03.wav	1	0	0	50	3
FH_000_00a_050_04.wav	1	0	0	50	4
FH_000_00a_050_05.wav	1	0	0	50	5
FH_000_00a_050_06.wav	1	0	0	50	6
FH_000_00a_050_07.wav	1	0	0	50	7
FH_000_00a_050_08.wav	1	0	0	50	8
FH_000_00a_050_09.wav	1	0	0	50	9
FH_000_00a_050_10.wav	1	0	0	50	10
FH_000_00a_500_01.wav	1	0	0	500	1
FH_000_00a_500_02.wav	1	0	0	500	2
FH_000_00a_500_03.wav	1	0	0	500	3
FH_000_00a_500_04.wav	1	0	0	500	4
FH_000_00a_500_05.wav	1	0	0	500	5
FH_000_00a_500_06.wav	1	0	0	500	6
FH_000_00a_500_07.wav	1	0	0	500	7
FH_000_00a_500_08.wav	1	0	0	500	8
FH_000_00a_500_09.wav	1	0	0	500	9
FH_000_00a_500_10.wav	1	0	0	500	10
FH_000_00b_005_01.wav	1	0	0	5	1
FH_000_00b_005_02.wav	1	0	0	5	2
FH_000_00b_005_03.wav	1	0	0	5	3
FH_000_00b_005_04.wav	1	0	0	5	4
FH_000_00b_005_05.wav	1	0	0	5	5
FH_000_00b_005_06.wav	1	0	0	5	6
FH_000_00b_005_07.wav	1	0	0	5	7
FH_000_00b_005_08.wav	1	0	0	5	8
FH_000_00b_005_09.wav	1	0	0	5	9
FH_000_00b_005_10.wav	1	0	0	5	10
FH_000_00b_050_01.wav	1	0	0	50	1
FH_000_00b_050_02.wav	1	0	0	50	2
FH_000_00b_050_03.wav	1	0	0	50	3
FH_000_00b_050_04.wav	1	0	0	50	4
FH_000_00b_050_05.wav	1	0	0	50	5
FH_000_00b_050_06.wav	1	0	0	50	6
FH_000_00b_050_07.wav	1	0	0	50	7
FH_000_00b_050_08.wav	1	0	0	50	8
FH_000_00b_050_09.wav	1	0	0	50	9
FH_000_00b_050_10.wav	1	0	0	50	10
FH_000_00b_500_01.wav	1	0	0	500	1
FH_000_00b_500_02.wav	1	0	0	500	2
FH_000_00b_500_03.wav	1	0	0	500	3
FH_000_00b_500_04.wav	1	0	0	500	4
FH_000_00b_500_05.wav	1	0	0	500	5
FH_000_00b_500_06.wav	1	0	0	500	6
FH_000_00b_500_07.wav	1	0	0	500	7
FH_000_00b_500_08.wav	1	0	0	500	8
FH_000_00b_500_09.wav	1	0	0	500	9
FH_000_00b_500_10.wav	1	0	0	500	10
FH_A25_050_005_01.wav	1	25	50	5	1
FH_A25_050_005_02.wav	1	25	50	5	2
FH_A25_050_005_03.wav	1	25	50	5	3
FH_A25_050_005_04.wav	1	25	50	5	4
FH_A25_050_005_05.wav	1	25	50	5	5
FH_A25_050_005_06.wav	1	25	50	5	6
FH_A25_050_005_07.wav	1	25	50	5	7
FH_A25_050_005_08.wav	1	25	50	5	8
FH_A25_050_005_09.wav	1	25	50	5	9
FH_A25_050_005_10.wav	1	25	50	5	10
FH_A25_050_050_01.wav	1	25	50	50	1
FH_A25_050_050_02.wav	1	25	50	50	2
FH_A25_050_050_03.wav	1	25	50	50	3
FH_A25_050_050_04.wav	1	25	50	50	4
FH_A25_050_050_05.wav	1	25	50	50	5
FH_A25_050_050_06.wav	1	25	50	50	6
FH_A25_050_050_07.wav	1	25	50	50	7
FH_A25_050_050_08.wav	1	25	50	50	8
FH_A25_050_050_09.wav	1	25	50	50	9
FH_A25_050_050_10.wav	1	25	50	50	10
FH_A25_050_500_01.wav	1	25	50	500	1
FH_A25_050_500_02.wav	1	25	50	500	2
FH_A25_050_500_03.wav	1	25	50	500	3
FH_A25_050_500_04.wav	1	25	50	500	4
FH_A25_050_500_05.wav	1	25	50	500	5
FH_A25_050_500_06.wav	1	25	50	500	6
FH_A25_050_500_07.wav	1	25	50	500	7
FH_A25_050_500_08.wav	1	25	50	500	8
FH_A25_050_500_09.wav	1	25	50	500	9
FH_A25_050_500_10.wav	1	25	50	500	10
FH_A25_100_005_01.wav	1	25	100	5	1
FH_A25_100_005_02.wav	1	25	100	5	2
FH_A25_100_005_03.wav	1	25	100	5	3
FH_A25_100_005_04.wav	1	25	100	5	4
FH_A25_100_005_05.wav	1	25	100	5	5
FH_A25_100_005_06.wav	1	25	100	5	6
FH_A25_100_005_07.wav	1	25	100	5	7
FH_A25_100_005_08.wav	1	25	100	5	8
FH_A25_100_005_09.wav	1	25	100	5	9
FH_A25_100_005_10.wav	1	25	100	5	10
FH_A25_100_050_01.wav	1	25	100	50	1
FH_A25_100_050_02.wav	1	25	100	50	2
FH_A25_100_050_03.wav	1	25	100	50	3
FH_A25_100_050_04.wav	1	25	100	50	4
FH_A25_100_050_05.wav	1	25	100	50	5
FH_A25_100_050_06.wav	1	25	100	50	6
FH_A25_100_050_07.wav	1	25	100	50	7
FH_A25_100_050_08.wav	1	25	100	50	8
FH_A25_100_050_09.wav	1	25	100	50	9
FH_A25_100_050_10.wav	1	25	100	50	10
FH_A25_100_500_01.wav	1	25	100	500	1
FH_A25_100_500_02.wav	1	25	100	500	2
FH_A25_100_500_03.wav	1	25	100	500	3
FH_A25_100_500_04.wav	1	25	100	500	4
FH_A25_100_500_05.wav	1	25	100	500	5
FH_A25_100_500_06.wav	1	25	100	500	6
FH_A25_100_500_07.wav	1	25	100	500	7
FH_A25_100_500_08.wav	1	25	100	500	8
FH_A25_100_500_09.wav	1	25	100	500	9
FH_A25_100_500_10.wav	1	25	100	500	10
FH_A25_200_005_01.wav	1	25	200	5	1
FH_A25_200_005_02.wav	1	25	200	5	2
FH_A25_200_005_03.wav	1	25	200	5	3
FH_A25_200_005_04.wav	1	25	200	5	4
FH_A25_200_005_05.wav	1	25	200	5	5
FH_A25_200_005_06.wav	1	25	200	5	6
FH_A25_200_005_07.wav	1	25	200	5	7
FH_A25_200_005_08.wav	1	25	200	5	8
FH_A25_200_005_09.wav	1	25	200	5	9
FH_A25_200_005_10.wav	1	25	200	5	10
FH_A25_200_050_01.wav	1	25	200	50	1
FH_A25_200_050_02.wav	1	25	200	50	2
FH_A25_200_050_03.wav	1	25	200	50	3
FH_A25_200_050_04.wav	1	25	200	50	4
FH_A25_200_050_05.wav	1	25	200	50	5
FH_A25_200_050_06.wav	1	25	200	50	6
FH_A25_200_050_07.wav	1	25	200	50	7
FH_A25_200_050_08.wav	1	25	200	50	8
FH_A25_200_050_09.wav	1	25	200	50	9
FH_A25_200_050_10.wav	1	25	200	50	10
FH_A25_200_500_01.wav	1	25	200	500	1
FH_A25_200_500_02.wav	1	25	200	500	2
FH_A25_200_500_03.wav	1	25	200	500	3
FH_A25_200_500_04.wav	1	25	200	500	4
FH_A25_200_500_05.wav	1	25	200	500	5
FH_A25_200_500_06.wav	1	25	200	500	6
FH_A25_200_500_07.wav	1	25	200	500	7
FH_A25_200_500_08.wav	1	25	200	500	8
FH_A25_200_500_09.wav	1	25	200	500	9
FH_A25_200_500_10.wav	1	25	200	500	10
FH_A25_300_005_01.wav	1	25	300	5	1
FH_A25_300_005_02.wav	1	25	300	5	2
FH_A25_300_005_03.wav	1	25	300	5	3
FH_A25_300_005_04.wav	1	25	300	5	4
FH_A25_300_005_05.wav	1	25	300	5	5
FH_A25_300_005_06.wav	1	25	300	5	6
FH_A25_300_005_07.wav	1	25	300	5	7
FH_A25_300_005_08.wav	1	25	300	5	8
FH_A25_300_005_09.wav	1	25	300	5	9
FH_A25_300_005_10.wav	1	25	300	5	10
FH_A25_300_050_01.wav	1	25	300	50	1
FH_A25_300_050_02.wav	1	25	300	50	2
FH_A25_300_050_03.wav	1	25	300	50	3
FH_A25_300_050_04.wav	1	25	300	50	4
FH_A25_300_050_05.wav	1	25	300	50	5
FH_A25_300_050_06.wav	1	25	300	50	6
FH_A25_300_050_07.wav	1	25	300	50	7
FH_A25_300_050_08.wav	1	25	300	50	8
FH_A25_300_050_09.wav	1	25	300	50	9
FH_A25_300_050_10.wav	1	25	300	50	10
FH_A25_300_500_01.wav	1	25	300	500	1
FH_A25_300_500_02.wav	1	25	300	500	2
FH_A25_300_500_03.wav	1	25	300	500	3
FH_A25_300_500_04.wav	1	25	300	500	4
FH_A25_300_500_05.wav	1	25	300	500	5
FH_A25_300_500_06.wav	1	25	300	500	6
FH_A25_300_500_07.wav	1	25	300	500	7
FH_A25_300_500_08.wav	1	25	300	500	8
FH_A25_300_500_09.wav	1	25	300	500	9
FH_A25_300_500_10.wav	1	25	300	500	10
FH_A25_400_005_01.wav	1	25	400	5	1
FH_A25_400_005_02.wav	1	25	400	5	2
FH_A25_400_005_03.wav	1	25	400	5	3
FH_A25_400_005_04.wav	1	25	400	5	4
FH_A25_400_005_05.wav	1	25	400	5	5
FH_A25_400_005_06.wav	1	25	400	5	6
FH_A25_400_005_07.wav	1	25	400	5	7
FH_A25_400_005_08.wav	1	25	400	5	8
FH_A25_400_005_09.wav	1	25	400	5	9
FH_A25_400_005_10.wav	1	25	400	5	10
FH_A25_400_050_01.wav	1	25	400	50	1
FH_A25_400_050_02.wav	1	25	400	50	2
FH_A25_400_050_03.wav	1	25	400	50	3
FH_A25_400_050_04.wav	1	25	400	50	4
FH_A25_400_050_05.wav	1	25	400	50	5
FH_A25_400_050_06.wav	1	25	400	50	6
FH_A25_400_050_07.wav	1	25	400	50	7
FH_A25_400_050_08.wav	1	25	400	50	8
FH_A25_400_050_09.wav	1	25	400	50	9
FH_A25_400_050_10.wav	1	25	400	50	10
FH_A25_400_500_01.wav	1	25	400	500	1
FH_A25_400_500_02.wav	1	25	400	500	2
FH_A25_400_500_03.wav	1	25	400	500	3
FH_A25_400_500_04.wav	1	25	400	500	4
FH_A25_400_500_05.wav	1	25	400	500	5
FH_A25_400_500_06.wav	1	25	400	500	6
FH_A25_400_500_07.wav	1	25	400	500	7
FH_A25_400_500_08.wav	1	25	400	500	8
FH_A25_400_500_09.wav	1	25	400	500	9
FH_A25_400_500_10.wav	1	25	400	500	10
FH_A25_500_005_01.wav	1	25	500	5	1
FH_A25_500_005_02.wav	1	25	500	5	2
FH_A25_500_005_03.wav	1	25	500	5	3
FH_A25_500_005_04.wav	1	25	500	5	4
FH_A25_500_005_05.wav	1	25	500	5	5
FH_A25_500_005_06.wav	1	25	500	5	6
FH_A25_500_005_07.wav	1	25	500	5	7
FH_A25_500_005_08.wav	1	25	500	5	8
FH_A25_500_005_09.wav	1	25	500	5	9
FH_A25_500_005_10.wav	1	25	500	5	10
FH_A25_500_050_01.wav	1	25	500	50	1
FH_A25_500_050_02.wav	1	25	500	50	2
FH_A25_500_050_03.wav	1	25	500	50	3
FH_A25_500_050_04.wav	1	25	500	50	4
FH_A25_500_050_05.wav	1	25	500	50	5
FH_A25_500_050_06.wav	1	25	500	50	6
FH_A25_500_050_07.wav	1	25	500	50	7
FH_A25_500_050_08.wav	1	25	500	50	8
FH_A25_500_050_09.wav	1	25	500	50	9
FH_A25_500_050_10.wav	1	25	500	50	10
FH_A25_500_500_01.wav	1	25	500	500	1
FH_A25_500_500_02.wav	1	25	500	500	2
FH_A25_500_500_03.wav	1	25	500	500	3
FH_A25_500_500_04.wav	1	25	500	500	4
FH_A25_500_500_05.wav	1	25	500	500	5
FH_A25_500_500_06.wav	1	25	500	500	6
FH_A25_500_500_07.wav	1	25	500	500	7
FH_A25_500_500_08.wav	1	25	500	500	8
FH_A25_500_500_09.wav	1	25	500	500	9
FH_A25_500_500_10.wav	1	25	500	500	10
FH_A50_050_005_01.wav	1	50	50	5	1
FH_A50_050_005_02.wav	1	50	50	5	2
FH_A50_050_005_03.wav	1	50	50	5	3
FH_A50_050_005_04.wav	1	50	50	5	4
FH_A50_050_005_05.wav	1	50	50	5	5
FH_A50_050_005_06.wav	1	50	50	5	6
FH_A50_050_005_07.wav	1	50	50	5	7
FH_A50_050_005_08.wav	1	50	50	5	8
FH_A50_050_005_09.wav	1	50	50	5	9
FH_A50_050_005_10.wav	1	50	50	5	10
FH_A50_050_050_01.wav	1	50	50	50	1
FH_A50_050_050_02.wav	1	50	50	50	2
FH_A50_050_050_03.wav	1	50	50	50	3
FH_A50_050_050_04.wav	1	50	50	50	4
FH_A50_050_050_05.wav	1	50	50	50	5
FH_A50_050_050_06.wav	1	50	50	50	6
FH_A50_050_050_07.wav	1	50	50	50	7
FH_A50_050_050_08.wav	1	50	50	50	8
FH_A50_050_050_09.wav	1	50	50	50	9
FH_A50_050_050_10.wav	1	50	50	50	10
FH_A50_050_500_01.wav	1	50	50	500	1
FH_A50_050_500_02.wav	1	50	50	500	2
FH_A50_050_500_03.wav	1	50	50	500	3
FH_A50_050_500_04.wav	1	50	50	500	4
FH_A50_050_500_05.wav	1	50	50	500	5
FH_A50_050_500_06.wav	1	50	50	500	6
FH_A50_050_500_07.wav	1	50	50	500	7
FH_A50_050_500_08.wav	1	50	50	500	8
FH_A50_050_500_09.wav	1	50	50	500	9
FH_A50_050_500_10.wav	1	50	50	500	10
FH_A50_100_005_01.wav	1	50	100	5	1
FH_A50_100_005_02.wav	1	50	100	5	2
FH_A50_100_005_03.wav	1	50	100	5	3
FH_A50_100_005_04.wav	1	50	100	5	4
FH_A50_100_005_05.wav	1	50	100	5	5
FH_A50_100_005_06.wav	1	50	100	5	6
FH_A50_100_005_07.wav	1	50	100	5	7
FH_A50_100_005_08.wav	1	50	100	5	8
FH_A50_100_005_09.wav	1	50	100	5	9
FH_A50_100_005_10.wav	1	50	100	5	10
FH_A50_100_050_01.wav	1	50	100	50	1
FH_A50_100_050_02.wav	1	50	100	50	2
FH_A50_100_050_03.wav	1	50	100	50	3
FH_A50_100_050_04.wav	1	50	100	50	4
FH_A50_100_050_05.wav	1	50	100	50	5
FH_A50_100_050_06.wav	1	50	100	50	6
FH_A50_100_050_07.wav	1	50	100	50	7
FH_A50_100_050_08.wav	1	50	100	50	8
FH_A50_100_050_09.wav	1	50	100	50	9
FH_A50_100_050_10.wav	1	50	100	50	10
FH_A50_100_500_01.wav	1	50	100	500	1
FH_A50_100_500_02.wav	1	50	100	500	2
FH_A50_100_500_03.wav	1	50	100	500	3
FH_A50_100_500_04.wav	1	50	100	500	4
FH_A50_100_500_05.wav	1	50	100	500	5
FH_A50_100_500_06.wav	1	50	100	500	6
FH_A50_100_500_07.wav	1	50	100	500	7
FH_A50_100_500_08.wav	1	50	100	500	8
FH_A50_100_500_09.wav	1	50	100	500	9
FH_A50_100_500_10.wav	1	50	100	500	10
FH_A50_200_005_01.wav	1	50	200	5	1
FH_A50_200_005_02.wav	1	50	200	5	2
FH_A50_200_005_03.wav	1	50	200	5	3
FH_A50_200_005_04.wav	1	50	200	5	4
FH_A50_200_005_05.wav	1	50	200	5	5
FH_A50_200_005_06.wav	1	50	200	5	6
FH_A50_200_005_07.wav	1	50	200	5	7
FH_A50_200_005_08.wav	1	50	200	5	8
FH_A50_200_005_09.wav	1	50	200	5	9
FH_A50_200_005_10.wav	1	50	200	5	10
FH_A50_200_050_01.wav	1	50	200	50	1
FH_A50_200_050_02.wav	1	50	200	50	2
FH_A50_200_050_03.wav	1	50	200	50	3
FH_A50_200_050_04.wav	1	50	200	50	4
FH_A50_200_050_05.wav	1	50	200	50	5
FH_A50_200_050_06.wav	1	50	200	50	6
FH_A50_200_050_07.wav	1	50	200	50	7
FH_A50_200_050_08.wav	1	50	200	50	8
FH_A50_200_050_09.wav	1	50	200	50	9
FH_A50_200_050_10.wav	1	50	200	50	10
FH_A50_200_500_01.wav	1	50	200	500	1
FH_A50_200_500_02.wav	1	50	200	500	2
FH_A50_200_500_03.wav	1	50	200	500	3
FH_A50_200_500_04.wav	1	50	200	500	4
FH_A50_200_500_05.wav	1	50	200	500	5
FH_A50_200_500_06.wav	1	50	200	500	6
FH_A50_200_500_07.wav	1	50	200	500	7
FH_A50_200_500_08.wav	1	50	200	500	8
FH_A50_200_500_09.wav	1	50	200	500	9
FH_A50_200_500_10.wav	1	50	200	500	10
FH_A50_300_005_01.wav	1	50	300	5	1
FH_A50_300_005_02.wav	1	50	300	5	2
FH_A50_300_005_03.wav	1	50	300	5	3
FH_A50_300_005_04.wav	1	50	300	5	4
FH_A50_300_005_05.wav	1	50	300	5	5
FH_A50_300_005_06.wav	1	50	300	5	6
FH_A50_300_005_07.wav	1	50	300	5	7
FH_A50_300_005_08.wav	1	50	300	5	8
FH_A50_300_005_09.wav	1	50	300	5	9
FH_A50_300_005_10.wav	1	50	300	5	10
FH_A50_300_050_01.wav	1	50	300	50	1
FH_A50_300_050_02.wav	1	50	300	50	2
FH_A50_300_050_03.wav	1	50	300	50	3
FH_A50_300_050_04.wav	1	50	300	50	4
FH_A50_300_050_05.wav	1	50	300	50	5
FH_A50_300_050_06.wav	1	50	300	50	6
FH_A50_300_050_07.wav	1	50	300	50	7
FH_A50_300_050_08.wav	1	50	300	50	8
FH_A50_300_050_09.wav	1	50	300	50	9
FH_A50_300_050_10.wav	1	50	300	50	10
FH_A50_300_500_01.wav	1	50	300	500	1
FH_A50_300_500_02.wav	1	50	300	500	2
FH_A50_300_500_03.wav	1	50	300	500	3
FH_A50_300_500_04.wav	1	50	300	500	4
FH_A50_300_500_05.wav	1	50	300	500	5
FH_A50_300_500_06.wav	1	50	300	500	6
FH_A50_300_500_07.wav	1	50	300	500	7
FH_A50_300_500_08.wav	1	50	300	500	8
FH_A50_300_500_09.wav	1	50	300	500	9
FH_A50_300_500_10.wav	1	50	300	500	10
FH_A50_400_005_01.wav	1	50	400	5	1
FH_A50_400_005_02.wav	1	50	400	5	2
FH_A50_400_005_03.wav	1	50	400	5	3
FH_A50_400_005_04.wav	1	50	400	5	4
FH_A50_400_005_05.wav	1	50	400	5	5
FH_A50_400_005_06.wav	1	50	400	5	6
FH_A50_400_005_07.wav	1	50	400	5	7
FH_A50_400_005_08.wav	1	50	400	5	8
FH_A50_400_005_09.wav	1	50	400	5	9
FH_A50_400_005_10.wav	1	50	400	5	10
FH_A50_400_050_01.wav	1	50	400	50	1
FH_A50_400_050_02.wav	1	50	400	50	2
FH_A50_400_050_03.wav	1	50	400	50	3
FH_A50_400_050_04.wav	1	50	400	50	4
FH_A50_400_050_05.wav	1	50	400	50	5
FH_A50_400_050_06.wav	1	50	400	50	6
FH_A50_400_050_07.wav	1	50	400	50	7
FH_A50_400_050_08.wav	1	50	400	50	8
FH_A50_400_050_09.wav	1	50	400	50	9
FH_A50_400_050_10.wav	1	50	400	50	10
FH_A50_400_500_01.wav	1	50	400	500	1
FH_A50_400_500_02.wav	1	50	400	500	2
FH_A50_400_500_03.wav	1	50	400	500	3
FH_A50_400_500_04.wav	1	50	400	500	4
FH_A50_400_500_05.wav	1	50	400	500	5
FH_A50_400_500_06.wav	1	50	400	500	6
FH_A50_400_500_07.wav	1	50	400	500	7
FH_A50_400_500_08.wav	1	50	400	500	8
FH_A50_400_500_09.wav	1	50	400	500	9
FH_A50_400_500_10.wav	1	50	400	500	10
FH_A50_500_005_01.wav	1	50	500	5	1
FH_A50_500_005_02.wav	1	50	500	5	2
FH_A50_500_005_03.wav	1	50	500	5	3
FH_A50_500_005_04.wav	1	50	500	5	4
FH_A50_500_005_05.wav	1	50	500	5	5
FH_A50_500_005_06.wav	1	50	500	5	6
FH_A50_500_005_07.wav	1	50	500	5	7
FH_A50_500_005_08.wav	1	50	500	5	8
FH_A50_500_005_09.wav	1	50	500	5	9
FH_A50_500_005_10.wav	1	50	500	5	10
FH_A50_500_050_01.wav	1	50	500	50	1
FH_A50_500_050_02.wav	1	50	500	50	2
FH_A50_500_050_03.wav	1	50	500	50	3
FH_A50_500_050_04.wav	1	50	500	50	4
FH_A50_500_050_05.wav	1	50	500	50	5
FH_A50_500_050_06.wav	1	50	500	50	6
FH_A50_500_050_07.wav	1	50	500	50	7
FH_A50_500_050_08.wav	1	50	500	50	8
FH_A50_500_050_09.wav	1	50	500	50	9
FH_A50_500_050_10.wav	1	50	500	50	10
FH_A50_500_500_01.wav	1	50	500	500	1
FH_A50_500_500_02.wav	1	50	500	500	2
FH_A50_500_500_03.wav	1	50	500	500	3
FH_A50_500_500_04.wav	1	50	500	500	4
FH_A50_500_500_05.wav	1	50	500	500	5
FH_A50_500_500_06.wav	1	50	500	500	6
FH_A50_500_500_07.wav	1	50	500	500	7
FH_A50_500_500_08.wav	1	50	500	500	8
FH_A50_500_500_09.wav	1	50	500	500	9
FH_A50_500_500_10.wav	1	50	500	500	10
