NO_1C_1.mat		0	1	1
NO_2C_1.mat		0 	2	1
NO_3C_1.mat		0	3	1
NO_4C_1.mat		0	4	1
NO_5C_1.mat		0	5	1
NO_6C_1.mat		0	6	1
NO_7C_1.mat		0	7	1
NO_8C_1.mat		0	8	1
NO_9C_1.mat		0	9	1
NO_10C_1.mat		0	10	1
NO_12C_1.mat		0	12	1
NO_16C_1.mat		0	16	1
NO_32C_1.mat		0	32	1
NO_64C_1.mat		0	64	1
NO_500C_1.mat		0	500	1
O_50_1C_1.mat		50	1	1
O_50_2C_1.mat		50 	2	1
O_50_3C_1.mat		50	3	1
O_50_4C_1.mat		50	4	1
O_50_5C_1.mat		50	5	1
O_50_6C_1.mat		50	6	1
O_50_7C_1.mat		50	7	1
O_50_8C_1.mat		50	8	1
O_50_9C_1.mat		50	9	1
O_50_10C_1.mat		50	10	1
O_50_12C_1.mat		50	12	1
O_50_16C_1.mat		50	16	1
O_50_32C_1.mat		50	32	1
O_50_64C_1.mat		50	64	1
O_50_500_1.mat		50	500	1
O_100_1C_1.mat		100	1	1
O_100_2C_1.mat		100 	2	1
O_100_3C_1.mat		100	3	1
O_100_4C_1.mat		100	4	1
O_100_5C_1.mat		100	5	1
O_100_6C_1.mat		100	6	1
O_100_7C_1.mat		100	7	1
O_100_8C_1.mat		100	8	1
O_100_9C_1.mat		100	9	1
O_100_10C_1.mat		100	10	1
O_100_12C_1.mat		100	12	1
O_100_16C_1.mat		100	16	1
O_100_32C_1.mat		100	32	1
O_100_64C_1.mat		100	64	1
O_100_500C_1.mat		100	500	1
O_150_1C_1.mat		150	1	1
O_150_2C_1.mat		150 	2	1
O_150_3C_1.mat		150	3	1
O_150_4C_1.mat		150	4	1
O_150_5C_1.mat		150	5	1
O_150_6C_1.mat		150	6	1
O_150_7C_1.mat		150	7	1
O_150_8C_1.mat		150	8	1
O_150_9C_1.mat		150	9	1
O_150_10C_1.mat		150	10	1
O_150_12C_1.mat		150	12	1
O_150_16C_1.mat		150	16	1
O_150_32C_1.mat		150	32	1
O_150_64C_1.mat		150	64	1
O_150_500C_1.mat		150	500	1
NO_1C_2.mat		0	1	2	
NO_2C_2.mat		0	2	2	
NO_3C_2.mat		0	3	2	
NO_4C_2.mat		0	4	2	
NO_5C_2.mat		0	5	2	
NO_6C_2.mat		0	6	2	
NO_7C_2.mat		0	7	2	
NO_8C_2.mat		0	8	2	
NO_9C_2.mat		0	9	2	
NO_10C_2.mat		0	10	2	
NO_12C_2.mat		0	12	2	
NO_16C_2.mat		0	16	2	
NO_32C_2.mat		0	32	2	
NO_64C_2.mat		0	64	2	
NO_500C_2.mat		0	500	2	
O_50_1C_2.mat		50	1	2	
O_50_2C_2.mat		50	2	2	
O_50_3C_2.mat		50	3	2	
O_50_4C_2.mat		50	4	2	
O_50_5C_2.mat		50	5	2	
O_50_6C_2.mat		50	6	2	
O_50_7C_2.mat		50	7	2	
O_50_8C_2.mat		50	8	2	
O_50_9C_2.mat		50	9	2	
O_50_10C_2.mat		50	10	2	
O_50_12C_2.mat		50	12	2	
O_50_16C_2.mat		50	16	2	
O_50_32C_2.mat		50	32	2	
O_50_64C_2.mat		50	64	2	
O_50_500_2.mat		50	500	2	
O_100_1C_2.mat		100	1	2	
O_100_2C_2.mat		100	2	2	
O_100_3C_2.mat		100	3	2	
O_100_4C_2.mat		100	4	2	
O_100_5C_2.mat		100	5	2	
O_100_6C_2.mat		100	6	2	
O_100_7C_2.mat		100	7	2	
O_100_8C_2.mat		100	8	2	
O_100_9C_2.mat		100	9	2	
O_100_10C_2.mat		100	10	2	
O_100_12C_2.mat		100	12	2	
O_100_16C_2.mat		100	16	2	
O_100_32C_2.mat		100	32	2	
O_100_64C_2.mat		100	64	2	
O_100_500C_2.mat		100	500	2	
O_150_1C_2.mat		150	1	2	
O_150_2C_2.mat		150	2	2	
O_150_3C_2.mat		150	3	2	
O_150_4C_2.mat		150	4	2	
O_150_5C_2.mat		150	5	2	
O_150_6C_2.mat		150	6	2	
O_150_7C_2.mat		150	7	2	
O_150_8C_2.mat		150	8	2	
O_150_9C_2.mat		150	9	2	
O_150_10C_2.mat		150	10	2	
O_150_12C_2.mat		150	12	2	
O_150_16C_2.mat		150	16	2	
O_150_32C_2.mat		150	32	2	
O_150_64C_2.mat		150	64	2	
O_150_500C_2.mat		150	500	2
NO_1C_3.mat		0	1	3
NO_2C_3.mat		0	2	3
NO_3C_3.mat		0	3	3
NO_4C_3.mat		0	4	3
NO_5C_3.mat		0	5	3
NO_6C_3.mat		0	6	3
NO_7C_3.mat		0	7	3
NO_8C_3.mat		0	8	3
NO_9C_3.mat		0	9	3
NO_10C_3.mat		0	10	3
NO_12C_3.mat		0	12	3
NO_16C_3.mat		0	16	3
NO_32C_3.mat		0	32	3
NO_64C_3.mat		0	64	3
NO_500C_3.mat		0	500	3
O_50_1C_3.mat		50	1	3
O_50_2C_3.mat		50	2	3
O_50_3C_3.mat		50	3	3
O_50_4C_3.mat		50	4	3
O_50_5C_3.mat		50	5	3
O_50_6C_3.mat		50	6	3
O_50_7C_3.mat		50	7	3
O_50_8C_3.mat		50	8	3
O_50_9C_3.mat		50	9	3
O_50_10C_3.mat		50	10	3
O_50_12C_3.mat		50	12	3
O_50_16C_3.mat		50	16	3
O_50_32C_3.mat		50	32	3
O_50_64C_3.mat		50	64	3
O_50_500_3.mat		50	500	3
O_100_1C_3.mat		100	1	3
O_100_2C_3.mat		100	2	3
O_100_3C_3.mat		100	3	3
O_100_4C_3.mat		100	4	3
O_100_5C_3.mat		100	5	3
O_100_6C_3.mat		100	6	3
O_100_7C_3.mat		100	7	3
O_100_8C_3.mat		100	8	3
O_100_9C_3.mat		100	9	3
O_100_10C_3.mat		100	10	3
O_100_12C_3.mat		100	12	3
O_100_16C_3.mat		100	16	3
O_100_32C_3.mat		100	32	3
O_100_64C_3.mat		100	64	3
O_100_500C_3.mat		100	500	3
O_150_1C_3.mat		150	1	3
O_150_2C_3.mat		150	2	3
O_150_3C_3.mat		150	3	3
O_150_4C_3.mat		150	4	3
O_150_5C_3.mat		150	5	3
O_150_6C_3.mat		150	6	3
O_150_7C_3.mat		150	7	3
O_150_8C_3.mat		150	8	3
O_150_9C_3.mat		150	9	3
O_150_10C_3.mat		150	10	3
O_150_12C_3.mat		150	12	3
O_150_16C_3.mat		150	16	3
O_150_32C_3.mat		150	32	3
O_150_64C_3.mat		150	64	3
O_150_500C_3.mat		150	500	3
NO_1C_4.mat		0	1	4
NO_2C_4.mat		0	2	4
NO_3C_4.mat		0	3	4
NO_4C_4.mat		0	4	4
NO_5C_4.mat		0	5	4
NO_6C_4.mat		0	6	4
NO_7C_4.mat		0	7	4
NO_8C_4.mat		0	8	4
NO_9C_4.mat		0	9	4
NO_10C_4.mat		0	10	4
NO_12C_4.mat		0	12	4
NO_16C_4.mat		0	16	4
NO_32C_4.mat		0	32	4
NO_64C_4.mat		0	64	4
NO_500C_4.mat		0	500	4
O_50_1C_4.mat		50	1	4
O_50_2C_4.mat		50	2	4
O_50_3C_4.mat		50	3	4
O_50_4C_4.mat		50	4	4
O_50_5C_4.mat		50	5	4
O_50_6C_4.mat		50	6	4
O_50_7C_4.mat		50	7	4
O_50_8C_4.mat		50	8	4
O_50_9C_4.mat		50	9	4
O_50_10C_4.mat		50	10	4
O_50_12C_4.mat		50	12	4
O_50_16C_4.mat		50	16	4
O_50_32C_4.mat		50	32	4
O_50_64C_4.mat		50	64	4
O_50_500_4.mat		50	500	4
O_100_1C_4.mat		100	1	4
O_100_2C_4.mat		100	2	4
O_100_3C_4.mat		100	3	4
O_100_4C_4.mat		100	4	4
O_100_5C_4.mat		100	5	4
O_100_6C_4.mat		100	6	4
O_100_7C_4.mat		100	7	4
O_100_8C_4.mat		100	8	4
O_100_9C_4.mat		100	9	4
O_100_10C_4.mat		100	10	4
O_100_12C_4.mat		100	12	4
O_100_16C_4.mat		100	16	4
O_100_32C_4.mat		100	32	4
O_100_64C_4.mat		100	64	4
O_100_500C_4.mat		100	500	4
O_150_1C_4.mat		150	1	4
O_150_2C_4.mat		150	2	4
O_150_3C_4.mat		150	3	4
O_150_4C_4.mat		150	4	4
O_150_5C_4.mat		150	5	4
O_150_6C_4.mat		150	6	4
O_150_7C_4.mat		150	7	4
O_150_8C_4.mat		150	8	4
O_150_9C_4.mat		150	9	4
O_150_10C_4.mat		150	10	4
O_150_12C_4.mat		150	12	4
O_150_16C_4.mat		150	16	4
O_150_32C_4.mat		150	32	4
O_150_64C_4.mat		150	64	4
O_150_500C_4.mat		150	500	4
NO_1C_5.mat		0	1	5
NO_2C_5.mat		0	2	5
NO_3C_5.mat		0	3	5
NO_4C_5.mat		0	4	5
NO_5C_5.mat		0	5	5
NO_6C_5.mat		0	6	5
NO_7C_5.mat		0	7	5
NO_8C_5.mat		0	8	5
NO_9C_5.mat		0	9	5
NO_10C_5.mat		0	10	5
NO_12C_5.mat		0	12	5
NO_16C_5.mat		0	16	5
NO_32C_5.mat		0	32	5
NO_64C_5.mat		0	64	5
NO_500C_5.mat		0	500	5
O_50_1C_5.mat		50	1	5
O_50_2C_5.mat		50	2	5
O_50_3C_5.mat		50	3	5
O_50_4C_5.mat		50	4	5
O_50_5C_5.mat		50	5	5
O_50_6C_5.mat		50	6	5
O_50_7C_5.mat		50	7	5
O_50_8C_5.mat		50	8	5
O_50_9C_5.mat		50	9	5
O_50_10C_5.mat		50	10	5
O_50_12C_5.mat		50	12	5
O_50_16C_5.mat		50	16	5
O_50_32C_5.mat		50	32	5
O_50_64C_5.mat		50	64	5
O_50_500_5.mat		50	500	5
O_100_1C_5.mat		100	1	5
O_100_2C_5.mat		100	2	5
O_100_3C_5.mat		100	3	5
O_100_4C_5.mat		100	4	5
O_100_5C_5.mat		100	5	5
O_100_6C_5.mat		100	6	5
O_100_7C_5.mat		100	7	5
O_100_8C_5.mat		100	8	5
O_100_9C_5.mat		100	9	5
O_100_10C_5.mat		100	10	5
O_100_12C_5.mat		100	12	5
O_100_16C_5.mat		100	16	5
O_100_32C_5.mat		100	32	5
O_100_64C_5.mat		100	64	5
O_100_500C_5.mat		100	500	5
O_150_1C_5.mat		150	1	5
O_150_2C_5.mat		150	2	5
O_150_3C_5.mat		150	3	5
O_150_4C_5.mat		150	4	5
O_150_5C_5.mat		150	5	5
O_150_6C_5.mat		150	6	5
O_150_7C_5.mat		150	7	5
O_150_8C_5.mat		150	8	5
O_150_9C_5.mat		150	9	5
O_150_10C_5.mat		150	10	5
O_150_12C_5.mat		150	12	5
O_150_16C_5.mat		150	16	5
O_150_32C_5.mat		150	32	5
O_150_64C_5.mat		150	64	5
O_150_500C_5.mat		150	500	5
NO_1C_6.mat		0	1	6
NO_2C_6.mat		0	2	6
NO_3C_6.mat		0	3	6
NO_4C_6.mat		0	4	6
NO_5C_6.mat		0	5	6
NO_6C_6.mat		0	6	6
NO_7C_6.mat		0	7	6
NO_8C_6.mat		0	8	6
NO_9C_6.mat		0	9	6
NO_10C_6.mat		0	10	6
NO_12C_6.mat		0	12	6
NO_16C_6.mat		0	16	6
NO_32C_6.mat		0	32	6
NO_64C_6.mat		0	64	6
NO_500C_6.mat		0	500	6
O_50_1C_6.mat		50	1	6
O_50_2C_6.mat		50	2	6
O_50_3C_6.mat		50	3	6
O_50_4C_6.mat		50	4	6
O_50_5C_6.mat		50	5	6
O_50_6C_6.mat		50	6	6
O_50_7C_6.mat		50	7	6
O_50_8C_6.mat		50	8	6
O_50_9C_6.mat		50	9	6
O_50_10C_6.mat		50	10	6
O_50_12C_6.mat		50	12	6
O_50_16C_6.mat		50	16	6
O_50_32C_6.mat		50	32	6
O_50_64C_6.mat		50	64	6
O_50_500_6.mat		50	500	6
O_100_1C_6.mat		100	1	6
O_100_2C_6.mat		100	2	6
O_100_3C_6.mat		100	3	6
O_100_4C_6.mat		100	4	6
O_100_5C_6.mat		100	5	6
O_100_6C_6.mat		100	6	6
O_100_7C_6.mat		100	7	6
O_100_8C_6.mat		100	8	6
O_100_9C_6.mat		100	9	6
O_100_10C_6.mat		100	10	6
O_100_12C_6.mat		100	12	6
O_100_16C_6.mat		100	16	6
O_100_32C_6.mat		100	32	6
O_100_64C_6.mat		100	64	6
O_100_500C_6.mat		100	500	6
O_150_1C_6.mat		150	1	6
O_150_2C_6.mat		150	2	6
O_150_3C_6.mat		150	3	6
O_150_4C_6.mat		150	4	6
O_150_5C_6.mat		150	5	6
O_150_6C_6.mat		150	6	6
O_150_7C_6.mat		150	7	6
O_150_8C_6.mat		150	8	6
O_150_9C_6.mat		150	9	6
O_150_10C_6.mat		150	10	6
O_150_12C_6.mat		150	12	6
O_150_16C_6.mat		150	16	6
O_150_32C_6.mat		150	32	6
O_150_64C_6.mat		150	64	6
O_150_500C_6.mat		150	500	6
NO_1C_7.mat		0	1	7
NO_2C_7.mat		0	2	7
NO_3C_7.mat		0	3	7
NO_4C_7.mat		0	4	7
NO_5C_7.mat		0	5	7
NO_6C_7.mat		0	6	7
NO_7C_7.mat		0	7	7
NO_8C_7.mat		0	8	7
NO_9C_7.mat		0	9	7
NO_10C_7.mat		0	10	7
NO_12C_7.mat		0	12	7
NO_16C_7.mat		0	16	7
NO_32C_7.mat		0	32	7
NO_64C_7.mat		0	64	7
NO_500C_7.mat		0	500	7
O_50_1C_7.mat		50	1	7
O_50_2C_7.mat		50	2	7
O_50_3C_7.mat		50	3	7
O_50_4C_7.mat		50	4	7
O_50_5C_7.mat		50	5	7
O_50_6C_7.mat		50	6	7
O_50_7C_7.mat		50	7	7
O_50_8C_7.mat		50	8	7
O_50_9C_7.mat		50	9	7
O_50_10C_7.mat		50	10	7
O_50_12C_7.mat		50	12	7
O_50_16C_7.mat		50	16	7
O_50_32C_7.mat		50	32	7
O_50_64C_7.mat		50	64	7
O_50_500_7.mat		50	500	7
O_100_1C_7.mat		100	1	7
O_100_2C_7.mat		100	2	7
O_100_3C_7.mat		100	3	7
O_100_4C_7.mat		100	4	7
O_100_5C_7.mat		100	5	7
O_100_6C_7.mat		100	6	7
O_100_7C_7.mat		100	7	7
O_100_8C_7.mat		100	8	7
O_100_9C_7.mat		100	9	7
O_100_10C_7.mat		100	10	7
O_100_12C_7.mat		100	12	7
O_100_16C_7.mat		100	16	7
O_100_32C_7.mat		100	32	7
O_100_64C_7.mat		100	64	7
O_100_500C_7.mat		100	500	7
O_150_1C_7.mat		150	1	7
O_150_2C_7.mat		150	2	7
O_150_3C_7.mat		150	3	7
O_150_4C_7.mat		150	4	7
O_150_5C_7.mat		150	5	7
O_150_6C_7.mat		150	6	7
O_150_7C_7.mat		150	7	7
O_150_8C_7.mat		150	8	7
O_150_9C_7.mat		150	9	7
O_150_10C_7.mat		150	10	7
O_150_12C_7.mat		150	12	7
O_150_16C_7.mat		150	16	7
O_150_32C_7.mat		150	32	7
O_150_64C_7.mat		150	64	7
O_150_500C_7.mat		150	500	7
NO_1C_8.mat		0	1	8
NO_2C_8.mat		0	2	8
NO_3C_8.mat		0	3	8
NO_4C_8.mat		0	4	8
NO_5C_8.mat		0	5	8
NO_6C_8.mat		0	6	8
NO_7C_8.mat		0	7	8
NO_8C_8.mat		0	8	8
NO_9C_8.mat		0	9	8
NO_10C_8.mat		0	10	8
NO_12C_8.mat		0	12	8
NO_16C_8.mat		0	16	8
NO_32C_8.mat		0	32	8
NO_64C_8.mat		0	64	8
NO_500C_8.mat		0	500	8
O_50_1C_8.mat		50	1	8
O_50_2C_8.mat		50	2	8
O_50_3C_8.mat		50	3	8
O_50_4C_8.mat		50	4	8
O_50_5C_8.mat		50	5	8
O_50_6C_8.mat		50	6	8
O_50_7C_8.mat		50	7	8
O_50_8C_8.mat		50	8	8
O_50_9C_8.mat		50	9	8
O_50_10C_8.mat		50	10	8
O_50_12C_8.mat		50	12	8
O_50_16C_8.mat		50	16	8
O_50_32C_8.mat		50	32	8
O_50_64C_8.mat		50	64	8
O_50_500_8.mat		50	500	8
O_100_1C_8.mat		100	1	8
O_100_2C_8.mat		100	2	8
O_100_3C_8.mat		100	3	8
O_100_4C_8.mat		100	4	8
O_100_5C_8.mat		100	5	8
O_100_6C_8.mat		100	6	8
O_100_7C_8.mat		100	7	8
O_100_8C_8.mat		100	8	8
O_100_9C_8.mat		100	9	8
O_100_10C_8.mat		100	10	8
O_100_12C_8.mat		100	12	8
O_100_16C_8.mat		100	16	8
O_100_32C_8.mat		100	32	8
O_100_64C_8.mat		100	64	8
O_100_500C_8.mat		100	500	8
O_150_1C_8.mat		150	1	8
O_150_2C_8.mat		150	2	8
O_150_3C_8.mat		150	3	8
O_150_4C_8.mat		150	4	8
O_150_5C_8.mat		150	5	8
O_150_6C_8.mat		150	6	8
O_150_7C_8.mat		150	7	8
O_150_8C_8.mat		150	8	8
O_150_9C_8.mat		150	9	8
O_150_10C_8.mat		150	10	8
O_150_12C_8.mat		150	12	8
O_150_16C_8.mat		150	16	8
O_150_32C_8.mat		150	32	8
O_150_64C_8.mat		150	64	8
O_150_500C_8.mat		150	500	8
NO_1C_9.mat		0	1	9
NO_2C_9.mat		0	2	9
NO_3C_9.mat		0	3	9
NO_4C_9.mat		0	4	9
NO_5C_9.mat		0	5	9
NO_6C_9.mat		0	6	9
NO_7C_9.mat		0	7	9
NO_8C_9.mat		0	8	9
NO_9C_9.mat		0	9	9
NO_10C_9.mat		0	10	9
NO_12C_9.mat		0	12	9
NO_16C_9.mat		0	16	9
NO_32C_9.mat		0	32	9
NO_64C_9.mat		0	64	9
NO_500C_9.mat		0	500	9
O_50_1C_9.mat		50	1	9
O_50_2C_9.mat		50	2	9
O_50_3C_9.mat		50	3	9
O_50_4C_9.mat		50	4	9
O_50_5C_9.mat		50	5	9
O_50_6C_9.mat		50	6	9
O_50_7C_9.mat		50	7	9
O_50_8C_9.mat		50	8	9
O_50_9C_9.mat		50	9	9
O_50_10C_9.mat		50	10	9
O_50_12C_9.mat		50	12	9
O_50_16C_9.mat		50	16	9
O_50_32C_9.mat		50	32	9
O_50_64C_9.mat		50	64	9
O_50_500_9.mat		50	500	9
O_100_1C_9.mat		100	1	9
O_100_2C_9.mat		100	2	9
O_100_3C_9.mat		100	3	9
O_100_4C_9.mat		100	4	9
O_100_5C_9.mat		100	5	9
O_100_6C_9.mat		100	6	9
O_100_7C_9.mat		100	7	9
O_100_8C_9.mat		100	8	9
O_100_9C_9.mat		100	9	9
O_100_10C_9.mat		100	10	9
O_100_12C_9.mat		100	12	9
O_100_16C_9.mat		100	16	9
O_100_32C_9.mat		100	32	9
O_100_64C_9.mat		100	64	9
O_100_500C_9.mat		100	500	9
O_150_1C_9.mat		150	1	9
O_150_2C_9.mat		150	2	9
O_150_3C_9.mat		150	3	9
O_150_4C_9.mat		150	4	9
O_150_5C_9.mat		150	5	9
O_150_6C_9.mat		150	6	9
O_150_7C_9.mat		150	7	9
O_150_8C_9.mat		150	8	9
O_150_9C_9.mat		150	9	9
O_150_10C_9.mat		150	10	9
O_150_12C_9.mat		150	12	9
O_150_16C_9.mat		150	16	9
O_150_32C_9.mat		150	32	9
O_150_64C_9.mat		150	64	9
O_150_500C_9.mat		150	500	9
NO_1C_10.mat		0	1	10
NO_2C_10.mat		0	2	10
NO_3C_10.mat		0	3	10
NO_4C_10.mat		0	4	10
NO_5C_10.mat		0	5	10
NO_6C_10.mat		0	6	10
NO_7C_10.mat		0	7	10
NO_8C_10.mat		0	8	10
NO_9C_10.mat		0	9	10
NO_10C_10.mat		0	10	10
NO_12C_10.mat		0	12	10
NO_16C_10.mat		0	16	10
NO_32C_10.mat		0	32	10
NO_64C_10.mat		0	64	10
NO_500C_10.mat		0	500	10
O_50_1C_10.mat		50	1	10
O_50_2C_10.mat		50	2	10
O_50_3C_10.mat		50	3	10
O_50_4C_10.mat		50	4	10
O_50_5C_10.mat		50	5	10
O_50_6C_10.mat		50	6	10
O_50_7C_10.mat		50	7	10
O_50_8C_10.mat		50	8	10
O_50_9C_10.mat		50	9	10
O_50_10C_10.mat		50	10	10
O_50_12C_10.mat		50	12	10
O_50_16C_10.mat		50	16	10
O_50_32C_10.mat		50	32	10
O_50_64C_10.mat		50	64	10
O_50_500_10.mat		50	500	10
O_100_1C_10.mat		100	1	10
O_100_2C_10.mat		100	2	10
O_100_3C_10.mat		100	3	10
O_100_4C_10.mat		100	4	10
O_100_5C_10.mat		100	5	10
O_100_6C_10.mat		100	6	10
O_100_7C_10.mat		100	7	10
O_100_8C_10.mat		100	8	10
O_100_9C_10.mat		100	9	10
O_100_10C_10.mat	100	10	10
O_100_12C_10.mat	100	12	10
O_100_16C_10.mat	100	16	10
O_100_32C_10.mat	100	32	10
O_100_64C_10.mat	100	64	10
O_100_500C_10.mat	100	500	10
O_150_1C_10.mat		150	1	10
O_150_2C_10.mat		150	2	10
O_150_3C_10.mat		150	3	10
O_150_4C_10.mat		150	4	10
O_150_5C_10.mat		150	5	10
O_150_6C_10.mat		150	6	10
O_150_7C_10.mat		150	7	10
O_150_8C_10.mat		150	8	10
O_150_9C_10.mat		150	9	10
O_150_10C_10.mat	150	10	10
O_150_12C_10.mat	150	12	10
O_150_16C_10.mat	150	16	10
O_150_32C_10.mat	150	32	10
O_150_64C_10.mat	150	64	10
O_150_500C_10.mat	150	500	10













	



